2.655856892088951327e+01
2.664487068872641018e+01
2.660998326427505489e+01
2.670871706870223505e+01
2.659567498411794162e+01
2.663124216270270495e+01
2.668503467926285566e+01
2.654787502447290848e+01
2.672111151898365122e+01
2.663451853613765152e+01
2.669449747931287575e+01
2.658625581455614295e+01
2.671984481144403034e+01
2.670042341786946594e+01
2.656579262885252746e+01
2.661105435339577241e+01
2.651214667070242825e+01
2.649511757842638104e+01
2.639718727932995179e+01
2.641587093357412641e+01
2.641897667310934850e+01
2.629736330603923022e+01
2.623014372843308806e+01
2.626626141062168784e+01
2.624665848860455242e+01
2.624185187532176045e+01
2.622092230103970323e+01
2.626931598240340549e+01
2.623166555962379221e+01
2.625025709731257706e+01
2.616389206842696069e+01
2.610776561876974711e+01
2.610992978280483001e+01
2.600998087514352264e+01
2.600728213378773646e+01
2.600948557716490228e+01
2.595413784250456501e+01
2.591290460085044955e+01
2.611985327575659710e+01
2.609190555030150804e+01
2.599715089536522328e+01
2.601065077054002472e+01
2.608061807453288949e+01
2.611987002004655878e+01
3.092974910848244008e+01
2.868622349248569492e+01
2.490449839813961219e+01
2.482225468879798669e+01
2.588347741791061196e+01
2.603459681895399669e+01
2.558683436418745316e+01
2.510084410326271964e+01
2.451752447359511677e+01
2.428378695659373321e+01
2.407570489922973778e+01
2.389073827201370293e+01
2.377637476564589036e+01
2.340984439282816254e+01
2.339538285681664931e+01
2.329752152193541548e+01
2.339975693250117317e+01
2.347176561666242733e+01
2.342760547556020256e+01
2.338672153976045465e+01
2.348611772093754979e+01
2.366337371756447183e+01
2.370631009646131560e+01
2.375781137740549553e+01
2.379881674119051738e+01
2.385853911358384494e+01
2.401720353208072112e+01
2.386398508012239006e+01
2.439105631605264435e+01
2.575565032106305807e+01
2.627596389450115666e+01
2.623402247961059786e+01
2.630524781763394060e+01
2.634482228405843429e+01
2.628919005683971477e+01
2.641655730453893725e+01
2.648691248149971500e+01
2.649883691360455984e+01
2.651587474518760601e+01
2.660232739415466341e+01
2.657346164813095513e+01
2.659753642400401219e+01
2.662516786347456232e+01
2.663037084501123530e+01
2.660954797678844841e+01
2.670047658865198770e+01
2.671212291835480102e+01
2.644550726383652162e+01
2.648613264466602857e+01
2.648403442708730893e+01
2.651511749308984278e+01
2.647702774549902927e+01
2.631104162565912219e+01
2.640516505353509302e+01
2.651482840608131042e+01
2.664809513389020168e+01
2.670456807120173082e+01
2.661893149430116168e+01
2.661335783246317988e+01
2.667456317559627621e+01
2.678662124054218907e+01
2.677374865784709002e+01
2.679237582748124424e+01
2.681184796817615990e+01
2.679031936350287424e+01
2.673060388237062313e+01
2.674670142711028120e+01
2.667390662637443910e+01
2.677706378121576591e+01
2.676322181525061339e+01
2.679274931097551971e+01
2.667987703167617042e+01
2.667987703167617042e+01
2.678857827849471462e+01
2.675622587118010642e+01
2.672869183734305309e+01
2.670618387944306349e+01
2.675222018291793802e+01
2.723989284221979190e+01
2.757571424796404358e+01
2.748469039736715303e+01
2.766878489012553644e+01
2.760439499388022355e+01
2.704192654056272715e+01
2.658211445280954166e+01
2.689846254865240383e+01
2.713015711927339169e+01
2.717937167633859730e+01
2.720095917708841071e+01
2.716926604334555506e+01
2.721012654515604012e+01
2.723229997286589565e+01
2.712173599137604185e+01
2.706014431680045362e+01
2.693778839134171577e+01
2.688396085205264896e+01
2.694707699236906251e+01
2.693953254236394201e+01
2.685106181208821141e+01
2.689760279366864637e+01
2.685629077516632535e+01
2.685231879940682020e+01
2.717716442280847389e+01
2.736983117628846074e+01
2.717503055032026182e+01
2.711016835605490627e+01
2.710645311090706144e+01
2.703736067140479804e+01
2.709240236767219656e+01
2.705709140770116505e+01
2.711602328688035612e+01
2.699825023951710889e+01
2.691465428016253369e+01
2.696139339254952105e+01
2.703250880020451774e+01
2.710470341464196053e+01
2.701565272322509514e+01
2.701538270905432526e+01
2.690767845880646192e+01
2.701877134097096800e+01
2.699494003174302037e+01
2.701495170401831203e+01
2.702562642266266479e+01
2.747692927007921071e+01
2.790949217804994831e+01
2.790760047329452931e+01
2.747743662774936979e+01
2.736567668789924213e+01
2.735581395770923763e+01
2.722229689812906983e+01
2.718127543897055176e+01
2.724440770358413033e+01
2.714905575660844406e+01
2.733414726064240341e+01
2.727251217445321174e+01
2.723514752766486424e+01
2.726117144428147654e+01
2.733504462271879731e+01
2.726006012995604877e+01
2.728174215540727587e+01
2.722705530156043352e+01
2.718664013853448580e+01
2.722058463412453477e+01
2.719026606549866898e+01
2.721651884087794571e+01
2.723569728747783714e+01
2.721889858255793726e+01
2.878211923851056042e+01
2.886702027396124492e+01
2.883449316453642552e+01
2.887575570797523739e+01
2.895369290255415962e+01
2.901750023977017179e+01
2.922262546418847506e+01
3.013014122370090320e+01
3.310092623076353391e+01
3.389723266794712231e+01
3.904589515995246529e+01
3.906132263054793441e+01
3.902381271326162704e+01
3.900879035589293409e+01
3.856894035004127375e+01
3.739977871240459706e+01
3.654060432068060038e+01
3.637545875509785986e+01
3.627694695516569823e+01
3.624527757271259532e+01
3.620624225656780482e+01
3.610189156026901003e+01
3.611908811884008230e+01
3.609757940322414527e+01
3.622667277298436517e+01
3.628859062542620961e+01
3.624158224918227234e+01
3.635751644179134701e+01
3.627087601347472656e+01
3.631169838860211030e+01
3.634072777529299003e+01
3.724311330599167036e+01
3.772601486857892894e+01
3.806566742783253687e+01
4.002341190836347806e+01
3.939246660122161359e+01
4.019285168191581192e+01
4.192837488074538754e+01
4.253254729944574564e+01
4.241405553596330691e+01
4.080270546560122114e+01
3.701005428598281100e+01
3.190466502387102565e+01
2.929967798634005760e+01
3.194565300554521770e+01
3.573973835174650304e+01
3.809372515603430998e+01
3.931855458183995466e+01
3.940747828535340602e+01
3.867569951336482603e+01
3.842574173856147723e+01
3.848469678947769523e+01
3.847250744774177633e+01
3.805278669360725985e+01
3.703078909396648299e+01
3.728385136441006154e+01
3.718650371896032425e+01
3.813382113211249447e+01
3.863979835504438398e+01
3.882095523640343515e+01
3.888396677108315203e+01
3.892180927155595072e+01
3.875152800283861154e+01
3.885244930394922847e+01
3.883297400526596732e+01
3.897936799909628292e+01
3.889160660610323106e+01
3.890844597789072878e+01
3.880660205490786296e+01
3.891279974705152256e+01
3.879216245813859132e+01
3.882854093549774177e+01
3.824480137603486440e+01
3.733378878127813039e+01
3.489353591929005916e+01
3.092868943680016258e+01
2.983511320362472574e+01
3.235871028998408860e+01
3.605776958551159339e+01
3.737658502830772989e+01
3.762371637985879147e+01
3.776885940150364718e+01
3.826618977583013503e+01
3.837621408361811604e+01
3.845385158294207173e+01
3.869452543126586619e+01
3.889007209096375561e+01
3.895132062174465659e+01
3.901531599983560028e+01
3.906471115125998494e+01
3.898592368516656848e+01
3.918276046016715242e+01
3.933451246188470662e+01
3.933780709137552378e+01
3.918407489055228865e+01
3.918916765592207696e+01
3.926438527854845262e+01
3.922382996858294035e+01
3.908838305158568005e+01
3.922917587080382873e+01
3.914513923450495270e+01
3.923177974581614791e+01
3.931016859411037956e+01
3.922273729517770136e+01
3.921899865521398709e+01
3.934136176873211355e+01
4.120554060893577031e+01
4.504750691483054226e+01
4.640573548095456147e+01
4.618905648419372056e+01
4.656983036564697898e+01
4.652595694449350106e+01
4.656490292945807852e+01
4.630888197812900131e+01
4.705643190019362976e+01
4.666418596739144675e+01
4.649965621743682931e+01
4.662803232720528968e+01
4.805596575967448558e+01
4.978963958343723561e+01
5.116868308934314058e+01
5.151333840158459054e+01
5.151117553644498059e+01
5.124797915110625013e+01
5.138957334935089705e+01
5.165184173716469473e+01
5.159396815174511630e+01
5.149034319715613606e+01
5.111708431595953783e+01
5.146695133014780055e+01
5.142100375706616688e+01
5.138002773460912209e+01
5.137091371239631599e+01
5.155425553595438970e+01
5.157782433340045714e+01
5.119688491491156412e+01
5.106660887290376394e+01
5.111586549578399996e+01
4.991364236084667994e+01
4.740475971016540768e+01
4.549586932124287841e+01
4.491709972870985723e+01
4.506886654881121501e+01
4.483947968034242137e+01
4.489347322000005391e+01
4.501008345922876686e+01
4.486514566209488919e+01
4.485884652007757722e+01
4.493807181858097977e+01
4.719039555104868100e+01
4.793888111827210707e+01
4.589619338867332488e+01
4.507467883316333968e+01
4.499699519392326152e+01
4.506818093918860768e+01
4.497688401589550722e+01
4.485933620609498007e+01
4.490508982913447511e+01
4.514337830490742220e+01
4.485344367705735635e+01
4.482036963380023309e+01
4.463905869584908714e+01
4.455750821718996235e+01
4.475368112133834586e+01
4.460497098962756723e+01
4.436740096879375983e+01
4.148121788606603388e+01
4.086675664772100447e+01
4.284603315622238995e+01
4.324466179084939199e+01
4.574636585971667557e+01
4.794026523799465878e+01
4.828898337752246306e+01
4.969890812413269288e+01
5.056683735879684605e+01
5.099104467436296062e+01
4.977977608291364220e+01
4.934529761886548727e+01
4.913860688167827107e+01
4.712234873747424047e+01
4.181382103991711574e+01
3.930462045466478571e+01
4.332415005034246747e+01
4.611036130303894254e+01
4.537216324078136154e+01
4.358954216708172424e+01
4.448039349859784863e+01
4.625246149586367750e+01
4.776517730904744496e+01
4.791598711328872184e+01
4.861899489766517490e+01
4.952066149869652634e+01
4.987814938709699675e+01
5.025238313707911431e+01
5.051569336132739352e+01
5.058975984555567607e+01
5.081122536876517870e+01
5.095336780742464100e+01
5.112266078619904164e+01
5.122947287464010202e+01
5.135823848493105004e+01
5.114405481349516691e+01
5.116876462049310703e+01
5.091710009766633505e+01
5.081750683506925270e+01
5.064569182054506769e+01
5.044016417383738826e+01
5.062724180513937711e+01
5.020819396737520890e+01
5.010168995589548757e+01
4.986800037542663233e+01
5.005182985405656382e+01
5.006056527869012740e+01
5.001109799086842145e+01
5.019021753831580668e+01
5.030213348269802509e+01
5.072594831199781140e+01
5.190666380731530438e+01
5.145502050839152730e+01
5.168238968855156656e+01
5.200027353981289480e+01
4.938328323608251935e+01
4.982733277736199540e+01
5.121169138786773090e+01
5.245158697727457309e+01
5.218755988831569681e+01
5.198076645576139043e+01
5.214490113831455176e+01
5.169549795834905126e+01
5.196204583395692111e+01
5.195553667403644482e+01
5.190568193408467579e+01
5.106861998189182827e+01
5.057722310896055262e+01
5.035668508487493966e+01
5.062802705167396766e+01
5.040051157291735251e+01
5.040913689158428213e+01
5.041715712727719989e+01
5.070472228085922239e+01
5.161943181441937156e+01
5.160054282015293836e+01
5.206349508448573005e+01
5.220064977712822696e+01
5.242454567346776173e+01
5.203594302710516928e+01
5.073185906564951608e+01
5.031375088672332652e+01
4.961976618545776319e+01
4.914282020121108729e+01
4.914639063763218019e+01
4.916634292997713374e+01
4.903520625790706333e+01
5.134130030161060887e+01
5.151407519202862773e+01
5.139797590784399972e+01
5.164617379101071037e+01
5.041003954379934271e+01
4.800141986871089728e+01
4.774865194332274854e+01
4.862840820988740376e+01
5.063329866480798813e+01
4.836725690384551513e+01
4.795898372105175866e+01
4.778950807084697772e+01
4.766431443357781461e+01
4.795067540807055195e+01
4.787851860306894736e+01
4.753172454981753958e+01
4.788283344213624559e+01
4.779890502775299410e+01
4.789717852636402995e+01
4.788893421521072469e+01
4.780512065575204872e+01
4.800976590902048713e+01
4.786651837010686705e+01
4.794835604838795717e+01
4.788149506042616110e+01
4.783111281793178193e+01
4.786312763123043368e+01
4.769878119188837218e+01
4.766220867537319350e+01
4.796004963917708608e+01
4.771863900400940395e+01
4.783535371755757382e+01
4.794027836796765740e+01
4.773700925483588264e+01
4.794597918594850938e+01
4.791640568840357872e+01
4.771464949234056974e+01
4.759988101753119594e+01
4.763164087510374145e+01
4.774055000018176997e+01
4.779949628928726213e+01
4.909036215484427146e+01
5.153349311974792357e+01
5.218036094903013833e+01
5.204818855286245594e+01
5.246745228758861401e+01
4.947581971094498243e+01
4.819502470953423767e+01
4.890723177927502263e+01
4.808335651454775217e+01
4.781885551664879586e+01
4.790025197923456801e+01
4.813966032513592097e+01
4.801059637904458555e+01
4.753442836983769837e+01
4.780380445641680609e+01
4.767664427858111509e+01
4.766382157602094338e+01
4.759124861253226868e+01
4.750449105021752416e+01
4.723036518451010579e+01
4.741595343930593742e+01
4.733425147987836112e+01
4.747298537327643686e+01
4.770569638040559823e+01
5.141090382632404499e+01
5.202045401582408601e+01
5.062520905121176895e+01
4.863227329671722998e+01
5.092274362123936982e+01
5.220936946920994615e+01
5.204670659846620850e+01
4.889832474204207102e+01
4.762372110301575390e+01
4.751586351775122807e+01
4.667960278504283167e+01
4.713504279391263196e+01
4.720226279598911390e+01
4.706625603137788971e+01
4.715431825700317603e+01
4.697806633795480735e+01
4.949041879672249422e+01
5.155690578835373827e+01
5.225662574601046373e+01
5.270499727307660720e+01
5.254294847418911729e+01
5.284933907983681678e+01
5.266470274221646974e+01
5.265640532998160950e+01
5.277669160165847018e+01
5.155032446330753260e+01
5.145648312274332881e+01
5.245877907741513013e+01
5.054273398759944769e+01
4.779761328463074221e+01
4.639798373020157385e+01
4.580142356073675103e+01
4.541339096939204012e+01
4.527526922022998690e+01
4.512696404549453888e+01
4.516533121157142716e+01
4.490776719681936413e+01
4.491891046942990329e+01
4.488877296788541571e+01
4.512743558650910813e+01
4.649768100322819464e+01
4.569737743093207882e+01
4.509986594012839589e+01
4.535718734518790995e+01
4.516288105695142718e+01
4.524503040371212137e+01
4.512802782101649512e+01
4.506155866643092622e+01
4.470257748966409395e+01
4.584499411748898012e+01
4.943695616653329239e+01
5.151101869679575884e+01
5.192569588850989248e+01
4.962272738004064365e+01
4.953206414560344228e+01
5.009632432925308620e+01
4.757449042799338201e+01
4.606617944996357039e+01
4.589714992395688853e+01
4.526769694337833982e+01
4.544745547503120520e+01
4.583895575238715026e+01
4.544188796451719980e+01
4.531225069181387966e+01
4.537325192094958481e+01
4.541984557108676768e+01
4.729498002767532938e+01
4.740147239413566638e+01
4.607569991552608712e+01
4.529959629502746310e+01
4.519326290362348431e+01
4.539414883586125882e+01
4.521874613840843438e+01
4.502798949885509217e+01
4.538880674136431992e+01
4.539462490792507054e+01
4.525888597520462042e+01
4.505192932184885990e+01
4.524969144678458122e+01
4.500841956102524932e+01
4.661124830399569419e+01
4.756175408843699870e+01
4.658033022537438939e+01
4.638540712524948617e+01
4.589459547252771188e+01
4.608187101802592167e+01
4.586387114409966159e+01
4.579054347542597014e+01
4.571524508866953340e+01
4.571601276766030963e+01
4.515206296085485604e+01
4.645612545376096136e+01
5.028910714903558699e+01
5.146277811048750550e+01
5.216952800195818440e+01
5.202271153442109153e+01
4.934632151190466232e+01
4.844722738154408859e+01
4.717627548718586894e+01
4.640466310254693383e+01
4.580041435710809594e+01
4.548827052084567413e+01
4.549062884242027849e+01
4.560495873687698065e+01
4.548675412641338767e+01
4.544482666872511345e+01
4.524629492725190971e+01
4.509616538896804627e+01
4.504853060590978231e+01
4.604358232202263679e+01
4.576629819908997376e+01
4.749205627422197296e+01
5.048234383349658572e+01
5.149418890374862201e+01
5.186572909341800397e+01
5.054520136854289092e+01
4.769760373833371148e+01
4.650470568822457551e+01
4.571194600718533252e+01
4.539618708507353517e+01
4.587888540772978274e+01
4.546268035493204707e+01
4.542081817360082852e+01
4.755589301436380367e+01
5.027656023953309727e+01
5.115004265434420461e+01
5.165403089111444501e+01
5.203095804544780378e+01
5.224408993576640370e+01
5.203784495780989516e+01
5.205776365398623540e+01
5.208204613382916648e+01
5.181008288096495562e+01
5.209189434482220094e+01
5.219122235966017342e+01
5.201613750520111523e+01
5.239863843508704377e+01
5.214560909142824130e+01
5.212688980472669442e+01
5.164920544076572639e+01
5.190621894134927317e+01
5.234469240830023296e+01
5.180402841562774086e+01
5.211412080698184468e+01
4.860739122795671108e+01
4.916970584356965190e+01
4.929723406899318405e+01
4.878389391664082098e+01
4.954582845424650372e+01
4.774096918713054549e+01
4.668490199182075173e+01
4.588280392914480643e+01
4.521421334000408621e+01
4.505222118410610932e+01
4.510798050674786452e+01
4.484560332756804257e+01
4.513983322717989921e+01
4.495946173428967541e+01
4.493185326724113793e+01
4.506918442639366162e+01
4.470880745389986544e+01
4.457194166319698070e+01
4.466735567800827056e+01
4.490984313851688370e+01
4.513256060060423636e+01
4.498380783963190055e+01
4.528429731055685181e+01
4.501862096162247440e+01
4.492396016871116160e+01
4.492569906384994027e+01
4.484599392240947680e+01
4.484424360818798050e+01
4.501670668586135093e+01
4.488045725341460468e+01
4.511609936998559789e+01
4.505300820781979354e+01
4.498010336034333534e+01
4.524744988897565179e+01
4.520122402252195570e+01
4.528139735233949636e+01
4.492777641353787033e+01
4.512322722527218843e+01
4.489352848891041248e+01
4.478331848970698559e+01
4.488123481641667212e+01
4.483207075656592622e+01
4.456301051273229064e+01
4.455976577238683944e+01
4.472860575004513350e+01
4.447634075592178249e+01
4.452352157968655888e+01
4.410720965462596865e+01
4.452684425589369965e+01
4.469179304590844026e+01
4.450940778946220888e+01
4.441684443484229661e+01
4.478261093344089971e+01
4.444897002312137602e+01
4.441156573707773703e+01
4.456454490286317593e+01
4.473273803737146181e+01
4.452584273721878105e+01
4.471366643012384401e+01
4.478185505594896654e+01
4.504869703004240478e+01
4.478107267905790678e+01
4.495783989958455606e+01
4.470018088466031259e+01
4.487066923475931191e+01
4.497460855420410297e+01
4.503805012921304751e+01
4.500522367813109526e+01
4.503742414507627245e+01
4.507132459919426992e+01
4.451389762506883585e+01
4.484867537962283279e+01
4.480875307551094977e+01
4.432524373877215851e+01
4.466692677303846892e+01
4.457481625505872103e+01
4.442883525445792259e+01
4.457193625568685746e+01
4.431800835429011443e+01
4.458151249985537845e+01
4.480846405307519831e+01
4.470085218342399713e+01
4.442066499075660602e+01
4.495680788391031513e+01
4.448028044226201416e+01
4.449931136329971793e+01
4.477773438580283738e+01
4.493570925662735505e+01
4.471646077439200440e+01
4.429414856256861555e+01
4.445309834156731199e+01
4.453975204115264575e+01
4.432072080362313216e+01
4.448641219884157749e+01
4.490367719978840455e+01
4.500412282844991552e+01
4.490037710332137522e+01
4.484257796912801552e+01
4.512283849217338627e+01
4.574656243390153065e+01
4.539648988233065552e+01
4.513355640646670963e+01
4.489178870441890012e+01
4.421157682685494450e+01
4.397638841629313333e+01
4.310380717092440506e+01
4.239363866646223045e+01
4.199907398406421777e+01
4.050006475090399505e+01
3.946216353787384890e+01
3.863341139483625852e+01
3.816857811157670710e+01
3.741699011454085166e+01
3.641475063700028159e+01
3.530356388330301343e+01
3.423793194261556039e+01
3.339526654961972696e+01
3.276737988026836490e+01
3.205143582663336588e+01
3.091862609294245345e+01
3.060194405957913943e+01
3.005859534878480588e+01
2.945898709178462838e+01
2.920779100871091316e+01
2.879069019861352530e+01
2.858932201253121264e+01
2.846166066758975433e+01
2.841544798847789366e+01
2.834450463393552866e+01
2.809019829461212225e+01
2.810211437573440207e+01
2.812968260467494730e+01
2.816747215839661322e+01
2.820376729787255243e+01
2.818836374859846927e+01
2.812308607820901329e+01
2.829358048847890217e+01
2.889045619995677328e+01
2.938421074216544326e+01
3.024558494227017036e+01
2.998642669841111541e+01
3.009009372419554751e+01
3.022349749890754822e+01
3.051614430402176481e+01
3.092475907484887898e+01
3.124412130259830889e+01
3.140052083571341512e+01
3.158660221043268734e+01
3.177673714222150636e+01
3.201936834627523609e+01
3.205862897358061048e+01
3.210912739336112764e+01
3.222966518629461063e+01
3.232852212649214607e+01
3.262747312023314805e+01
3.269196605695216817e+01
3.290916772787649336e+01
3.307069432482508375e+01
3.315635130843273259e+01
3.328477317437621252e+01
3.334041215687844328e+01
3.350355634721012166e+01
3.376649559090446928e+01
3.399251599263484991e+01
3.406107745484267468e+01
3.421812855770218675e+01
3.428985446409167537e+01
3.431463030591266516e+01
3.443056171667195997e+01
3.472359548279287367e+01
3.479400683614819201e+01
3.492178288942113795e+01
3.514285938004789500e+01
3.536063594002634858e+01
3.556263051354582672e+01
3.571901312628145320e+01
3.573142811825190535e+01
3.593761077382241353e+01
3.610027273314365459e+01
3.621745444905599243e+01
3.639574687432703115e+01
3.668518125801255536e+01
3.677326774208085425e+01
3.696634905264792081e+01
3.722427890619309210e+01
3.733135272413611006e+01
3.758626832386494243e+01
3.770492646839036865e+01
3.781170494433634133e+01
3.792418162366831780e+01
3.799841973120173577e+01
3.814354603071465988e+01
3.814056821212435722e+01
3.824144565016183606e+01
3.833830401691504619e+01
3.857679824582845640e+01
3.858580065507030810e+01
3.869920525667890132e+01
3.873330395290855677e+01
3.898924563504031937e+01
3.899643625537431291e+01
3.924510333155135555e+01
3.944873700864225441e+01
3.956385005837563540e+01
3.968400926344343560e+01
3.966547214642625363e+01
3.980428148921619425e+01
3.982411983417569701e+01
3.998657730158404888e+01
4.002641554587813744e+01
4.015167411623247062e+01
4.017295991672396838e+01
4.031538627167500977e+01
4.041784819802249729e+01
4.053548545283132398e+01
4.063092637728647105e+01
4.075119798472023547e+01
4.078030100196805563e+01
4.085324608827393433e+01
4.096181558205815776e+01
4.089291230739955552e+01
4.085171462164701239e+01
4.098980230481839726e+01
4.101637146325013816e+01
4.099038627704721449e+01
4.100533386000358860e+01
4.096871231989173623e+01
4.104698933669891403e+01
4.090730724936489793e+01
4.095540158892372062e+01
4.080192763477570850e+01
4.085184306159293044e+01
4.083621515643250888e+01
4.083636744879657243e+01
4.078157550418951871e+01
4.082463060307502900e+01
4.089950997396228161e+01
4.088563770996573510e+01
4.099543971503653950e+01
4.100224853150061932e+01
4.096110781518471100e+01
4.095453699839374906e+01
4.085353897519757993e+01
4.084294723112130754e+01
4.084560509692732921e+01
4.092840797761718363e+01
4.079900070348865881e+01
4.089637339645614134e+01
4.083800383835340853e+01
4.084885736091070640e+01
4.079406723596390805e+01
4.076946888343049125e+01
4.078465444334207035e+01
4.070898102464521884e+01
4.076806815383882565e+01
4.067169123447931156e+01
4.063273370157155284e+01
4.052029964573148391e+01
4.047613497218470968e+01
4.047598262969361826e+01
4.042600424126967340e+01
4.037127847545365711e+01
4.040794931347562624e+01
4.042861027940251262e+01
4.058505341258203458e+01
4.057851590085547855e+01
4.052799343049958480e+01
4.048851948314038651e+01
4.062549406363214644e+01
4.056643310928571111e+01
4.062568768293887445e+01
4.052823164456866323e+01
4.041307049561865483e+01
4.035636174460727688e+01
4.030281478423610508e+01
4.035985317418248997e+01
4.023577381438904155e+01
4.021805992061986501e+01
4.015021936591525531e+01
4.007137989443390325e+01
4.001206950696787601e+01
3.994661382366790292e+01
3.997226945907126350e+01
3.989890270044175224e+01
3.988536947858746373e+01
3.988938109666023735e+01
3.980091929476972723e+01
3.979035025795086256e+01
3.974044461072998047e+01
3.978669360673465860e+01
3.969542724703705971e+01
3.969131833421831601e+01
3.975632360457688463e+01
3.976059544051120298e+01
3.967056456053632729e+01
3.966432432397635921e+01
3.967458104859827728e+01
3.967084027859827700e+01
3.963654627263902341e+01
3.967867264363587765e+01
3.961701867961847512e+01
3.970324298810007235e+01
3.972012880752346575e+01
3.973738469794331962e+01
3.965256963090737941e+01
3.963832898003290950e+01
3.951374964364583775e+01
3.952759495869688067e+01
3.953213992642393038e+01
3.961527899448812207e+01
3.947253468721024205e+01
3.946408398514194005e+01
3.947903757574155748e+01
3.947116497248873657e+01
3.954482901138334228e+01
3.960764169916551225e+01
3.974596173524830078e+01
3.963895813566018944e+01
3.947338759077052828e+01
3.944530409297816220e+01
3.944067519162958035e+01
3.947551670956780612e+01
3.942478773553078497e+01
3.933331385024348492e+01
3.932359480932503004e+01
3.928568506521962433e+01
3.920151195741483718e+01
3.920244631479457098e+01
3.919766949037767745e+01
3.920938486696454106e+01
3.914514092839025494e+01
3.900425359349823395e+01
3.895003807521555927e+01
3.882861782768014081e+01
3.879699161335490487e+01
3.871953463892048575e+01
3.862078028206673963e+01
3.863474864919145091e+01
3.858683454600797802e+01
3.845982338556606805e+01
3.851510082622492348e+01
3.849842069677025336e+01
3.837989055237255798e+01
3.833844659023647239e+01
3.826267704812097747e+01
3.812986902738673933e+01
3.808648939122232946e+01
3.801120090472160484e+01
3.801921966430310817e+01
3.798583927695170814e+01
3.801844227287010369e+01
3.788608093205249361e+01
3.786348957195899345e+01
3.784716811563384908e+01
3.790408842442182191e+01
3.791550431880077099e+01
3.786594628470554369e+01
3.773082230399410264e+01
3.761062366518589073e+01
3.755089207213757163e+01
3.752062693565827090e+01
3.738472786845758833e+01
3.733316121430166845e+01
3.726371635668303384e+01
3.726575557669583816e+01
3.727629065086459548e+01
3.710730406331235542e+01
3.704875226066931049e+01
3.710427281362520091e+01
3.697794267907981691e+01
3.692427133196817834e+01
3.679231339906596077e+01
3.678240578800900096e+01
3.673870331013967672e+01
3.660124283735353146e+01
3.647830089750074478e+01
3.651220568441367931e+01
3.651223762006376461e+01
3.653498414575537367e+01
3.639256840703613705e+01
3.641902718339381551e+01
3.634486870802514602e+01
3.633143428187302959e+01
3.620398248901754101e+01
3.612036787425360274e+01
3.600565599653724291e+01
3.597690065811868010e+01
3.597243286342996527e+01
3.596901768671486366e+01
3.597278742298014720e+01
3.593491193767305703e+01
3.585415977318241687e+01
3.584012855276490939e+01
3.589904048969879113e+01
3.582668987188827714e+01
3.569331059262034955e+01
3.573729128824606960e+01
3.575113724663096804e+01
3.581292715687744987e+01
3.570778474731267238e+01
3.562721430430248404e+01
3.554272328652152169e+01
3.539023724251304515e+01
3.540458744078920006e+01
3.523649029755710416e+01
3.527172486844840193e+01
3.518900428412928250e+01
3.504574628014955096e+01
3.494670515736864047e+01
3.487826925751028284e+01
3.488858687470774100e+01
3.470726350350439304e+01
3.433115474258029565e+01
3.440246127186186698e+01
3.446085224176783868e+01
3.444212044819356322e+01
3.428979234116114583e+01
3.424163553910057090e+01
3.414793753908533347e+01
3.416396447780281420e+01
3.391536200513135668e+01
3.387081583157890918e+01
