2.928173938708282975e+01
2.788949905587804778e+01
3.262519518031160715e+01
3.852895770855067070e+01
4.150028760931893146e+01
4.279190684524269983e+01
4.479093600762353589e+01
4.480860236114760653e+01
4.489002335399074184e+01
4.554717545106674947e+01
4.585655087384476758e+01
4.600550682483966369e+01
4.606058014073831686e+01
4.892314691580907038e+01
4.956614209345636368e+01
4.978151292675068618e+01
5.013344876952406537e+01
5.046798942841650160e+01
5.078980603736972910e+01
5.131202179867164404e+01
5.185136477398339139e+01
5.228103602784580772e+01
5.267521213921516932e+01
5.270613057973584858e+01
5.251689020280180387e+01
5.262582624620139882e+01
5.255667121596799518e+01
5.224433960419307965e+01
5.171094606511904601e+01
5.143473092463558771e+01
4.977499681752344429e+01
4.854292056802631805e+01
4.920251212779707828e+01
4.948210351549295893e+01
5.020213090295081315e+01
5.107914572796483554e+01
5.214299589830074666e+01
5.349959018532142352e+01
5.440127420480340703e+01
5.490889925052830733e+01
5.515629280947039348e+01
5.536696128968943498e+01
5.550487180135339571e+01
5.533336229950264595e+01
5.294978806423348772e+01
5.035042922215870931e+01
4.904479152618030469e+01
4.834727588804169329e+01
4.818727706082252382e+01
4.822647819522153156e+01
4.827141091153312402e+01
4.822042239116488105e+01
4.805531258200829825e+01
4.717329560950666689e+01
4.516758222874842943e+01
4.321457647161862781e+01
4.266001335285844220e+01
4.257909000729516436e+01
4.262113322651364200e+01
4.266363222960034562e+01
4.272001372278282361e+01
4.283006664394495999e+01
4.295601051493730438e+01
3.879290359285010936e+01
3.913911490341799748e+01
3.922247076658975118e+01
3.910544513678072320e+01
3.887796360891206149e+01
3.894085928919591311e+01
3.901542979164220526e+01
3.911020642970108696e+01
3.924676398540202626e+01
3.937093955845376314e+01
3.951806746398687409e+01
4.202647177478802831e+01
4.183676843076097640e+01
4.159766677630661036e+01
4.165911872486363166e+01
4.175234260321769852e+01
4.183789699458797884e+01
4.193994189533769656e+01
4.203369206911287392e+01
4.212540367415792275e+01
4.218451053833236841e+01
4.229050570686958110e+01
4.237064863127853442e+01
4.247128979514619118e+01
4.253557456995122266e+01
4.257646656826378262e+01
4.266663951692006407e+01
4.276839263589865681e+01
4.283861611867793329e+01
4.286756821825085240e+01
4.289595197852810315e+01
4.292669927845673783e+01
4.301224940294490295e+01
4.303315126231551346e+01
4.311701249783057222e+01
4.320513504492773649e+01
4.324561018654424061e+01
4.336605696473632321e+01
4.333945663287429539e+01
4.299960893719440946e+01
4.288625014292086490e+01
4.323671093775107011e+01
4.352238802642052917e+01
4.358874409681703810e+01
4.368103892137106925e+01
4.374861307366923313e+01
4.376253001374772111e+01
4.377607863449388503e+01
4.380198499444859550e+01
4.396893041513843059e+01
4.397471840469528104e+01
4.395174001172132705e+01
4.399717489991569863e+01
4.415695563005363766e+01
4.425382461704238324e+01
4.431711576964212895e+01
4.430463629814970972e+01
4.435716526249156288e+01
4.432548405044790485e+01
4.434170831132244217e+01
4.441533989600607413e+01
4.450619675897979732e+01
4.458687051421861725e+01
4.462917694578813865e+01
4.463190081635868012e+01
4.463841535035498254e+01
4.470631298816211086e+01
4.474819859561500124e+01
4.483855811731607588e+01
4.491156398699971675e+01
4.497211571967848442e+01
4.503561500707940723e+01
4.507213353846022841e+01
4.511004728139349140e+01
4.517453373375087722e+01
4.523937285477158099e+01
4.531781843711005564e+01
4.533463746682510731e+01
4.541460548023397337e+01
4.546965367243447531e+01
4.551271709882053784e+01
4.554021805155189639e+01
4.560144369423377242e+01
4.567798717612902237e+01
4.576260634920808457e+01
4.582861303618981452e+01
4.589794731627316793e+01
4.591665875382963691e+01
4.589720083902060566e+01
4.594336259823442248e+01
4.597823971667821041e+01
4.597159239081634041e+01
4.601683961827882285e+01
4.604024267699776374e+01
4.611694575910195937e+01
4.615228746699945361e+01
4.621817024001417451e+01
4.626545301093672435e+01
4.628737096233014370e+01
4.633267987673245614e+01
4.634474959911765524e+01
4.640066463459374546e+01
4.642105406969588444e+01
4.643529776545821619e+01
4.647207298364146055e+01
4.653328792839946715e+01
4.659529979479206929e+01
4.667296778221383136e+01
4.670709321170215844e+01
4.679986948969806804e+01
4.686659117626181370e+01
4.692632277722979950e+01
4.702934098762158044e+01
4.707262430951639232e+01
4.707945294908112999e+01
4.713626219074002677e+01
4.712964479806826290e+01
4.718848724442941744e+01
4.717857392186867571e+01
4.723003325600436852e+01
4.728363005187004831e+01
4.730774917993713302e+01
4.730714907443254447e+01
4.731395179700511733e+01
4.736832540156547822e+01
4.742528382977334900e+01
4.744663201054166990e+01
4.750914609328746963e+01
4.753637766518207286e+01
4.758617662175086593e+01
4.757664338897816236e+01
4.760624441413142449e+01
4.761769712448192848e+01
4.762363110374436559e+01
4.766736073604387514e+01
4.767990421505780319e+01
4.768038601081387640e+01
4.772696267879140208e+01
4.766670155343599191e+01
4.768071850506382958e+01
4.772213172714693030e+01
4.777204278835036888e+01
4.778862046846057865e+01
4.781115644239984874e+01
4.777645864524482988e+01
4.784323511792098316e+01
4.790744336670274350e+01
4.794500722336773890e+01
4.796555289273776168e+01
4.797401316909544988e+01
4.799884529799980015e+01
4.800605925774490146e+01
4.802773836107884620e+01
4.809395346529413473e+01
4.814087095814607409e+01
4.814754294012226410e+01
4.818254340711920491e+01
4.821960013968198666e+01
4.824842721870534490e+01
4.827367067420023261e+01
4.829610310772120840e+01
4.832201848965448221e+01
4.836574866786297378e+01
4.841607764564044913e+01
4.842632591702047762e+01
4.844488554251907431e+01
4.846628414482295000e+01
4.849727697207767818e+01
4.849946204138451833e+01
4.850250312529871621e+01
4.852734985593984618e+01
4.858236331619504256e+01
4.861416083539347710e+01
4.861953466885631059e+01
4.861349031758767580e+01
4.862658697174285294e+01
4.863930888415882237e+01
4.869656235401469502e+01
4.872432609755607302e+01
4.875798013778502593e+01
4.875905017291205468e+01
4.877738813112208760e+01
4.877130511395204593e+01
4.878960798643343111e+01
4.879588826338639507e+01
4.881285333596158438e+01
4.881159754430667164e+01
4.881519756536735599e+01
4.884725693496629617e+01
4.885988134483243073e+01
4.887811886043271414e+01
4.888763587854812442e+01
4.891765083855983676e+01
4.890423159558869060e+01
4.892502527075372143e+01
4.894439227965287387e+01
4.892059381686891584e+01
4.895648243712510350e+01
4.900316400921611404e+01
4.902564473022383851e+01
4.906483106678883388e+01
4.906445432905344006e+01
4.908534251952877270e+01
4.911978835538683086e+01
4.912436559575034067e+01
4.914593908761200680e+01
4.917863002808638839e+01
4.918328459723502988e+01
4.915519187635747045e+01
4.915419587745492436e+01
4.916316833614891380e+01
4.915766713343330707e+01
4.912258410808326659e+01
4.913275723986508581e+01
4.904554220583026591e+01
4.913261144807959369e+01
4.920573382892058589e+01
4.925197132903613806e+01
4.926914992736957544e+01
4.927085412414086818e+01
4.927369010533075766e+01
4.926106240127769809e+01
4.924927339539095783e+01
4.924650740673061478e+01
4.926601895898372874e+01
4.930155337262679893e+01
4.931989193656215775e+01
4.932778357501952371e+01
4.935330049871433289e+01
4.935121138942336216e+01
4.936756825774723012e+01
4.936390751511817143e+01
4.938378394464326959e+01
4.941096626492280564e+01
4.941682345870543713e+01
4.945130103757855977e+01
4.949640878357242002e+01
4.947377824343887198e+01
4.950347538272503556e+01
4.947454004521476634e+01
4.949650628125364449e+01
4.949619422150429671e+01
4.949697140222194491e+01
4.950262287005972439e+01
4.948215500792147736e+01
4.949621643198332777e+01
4.949914550487754639e+01
4.945340446137263513e+01
4.945767661933066961e+01
4.943438644643045166e+01
4.947689607962466596e+01
4.944983771824804819e+01
4.951726722993568330e+01
4.954508230411278191e+01
4.956693307613279842e+01
4.956231480948279966e+01
4.954136169495974684e+01
4.950430968942892207e+01
4.950582057579549655e+01
4.951949558818560604e+01
4.951172572175681807e+01
4.947381203575608311e+01
4.945651813621193327e+01
4.947381767714740874e+01
4.943968099710673414e+01
4.940893838136409499e+01
4.936505957344324713e+01
4.931936528360250804e+01
4.928233107518629197e+01
4.924683822037678738e+01
4.920131606711212413e+01
4.909503177015271547e+01
4.900737804378593410e+01
4.893537644753639881e+01
4.886287466758747655e+01
4.874753578287001687e+01
4.864990296317264296e+01
4.855994492316474975e+01
4.852673859096908870e+01
4.850653770243429364e+01
4.850352202869753171e+01
4.849368648904037826e+01
4.849357324440923378e+01
4.849335052831245463e+01
4.845968687722871238e+01
4.849203022144494213e+01
4.849802405278838080e+01
4.853086286515789993e+01
4.857529050725924691e+01
4.861138307856677443e+01
4.864918447729777284e+01
4.866236095292582320e+01
4.870498446435851037e+01
4.877904860184505509e+01
4.888485579346256316e+01
4.898839457320908508e+01
4.908683880581065750e+01
4.914596089144771440e+01
4.914106342190603982e+01
4.911138730413094322e+01
4.887305915271315371e+01
4.897930672449869860e+01
4.898749169366536904e+01
4.912841697412790154e+01
4.922153852893099213e+01
4.902834817372685450e+01
4.906689824844538350e+01
4.903077622330116014e+01
4.881218782248575394e+01
4.870931260705189914e+01
4.869509981482572414e+01
4.874442736899781892e+01
4.880440828231908768e+01
4.881164646140834407e+01
4.880742463772394757e+01
4.881947826649377475e+01
4.868373406012843674e+01
4.851794034938328792e+01
4.821692964303878171e+01
4.785758821265782359e+01
4.760967229582749383e+01
4.739813024853891221e+01
4.713225537337860516e+01
4.680609951512410305e+01
4.681507670258892517e+01
4.684746972445012148e+01
4.688035960307939831e+01
4.715171750725815514e+01
4.749832770827151762e+01
4.775026111990363376e+01
4.787950341072233584e+01
4.770449444679739059e+01
4.743136783298061943e+01
4.723246850697339028e+01
4.691518176829562492e+01
4.679290616208864151e+01
4.706855375062743008e+01
4.745151222323632112e+01
4.757654107512733788e+01
4.747910946016648381e+01
4.717503622350770343e+01
4.682525143165393899e+01
4.656795164484053373e+01
4.631422251518020516e+01
4.606039109710955159e+01
4.600113075617294101e+01
4.604028458422547487e+01
4.603484605844374755e+01
4.616005869471094059e+01
4.656067701170647410e+01
4.697053625422255152e+01
4.711033238797485723e+01
4.744182434962254291e+01
4.735798079609271127e+01
4.714140163566167985e+01
4.685782039819671496e+01
4.653714130069665345e+01
4.601364237257678269e+01
4.534617317592520891e+01
4.469182998453894839e+01
4.419667049368430867e+01
4.360466365895352681e+01
4.306908387083868206e+01
4.255524488414850026e+01
4.212262539405236339e+01
4.181425542971680898e+01
4.146944746046775521e+01
4.122220691306512919e+01
4.097984619234622983e+01
4.081560546844478665e+01
4.073843344116824738e+01
4.062105305409895806e+01
4.054200489910435579e+01
4.050760010111987697e+01
4.046208742748582665e+01
4.042179310917491364e+01
4.040322390570447908e+01
4.035387533537841165e+01
4.029569825624329837e+01
4.025570937261763049e+01
4.022858333606725978e+01
4.020889350230979176e+01
4.020855673897244742e+01
4.015694572985519528e+01
4.012291932086505852e+01
4.008152413967172834e+01
4.006423300414093802e+01
4.003820004481772798e+01
4.000125317947149028e+01
3.997578195651387745e+01
3.996374787440535670e+01
3.993998770206367510e+01
3.991659399060480951e+01
3.988588716138828261e+01
3.987716801851841808e+01
3.987353509885736003e+01
3.982782096552625717e+01
3.977930367239633824e+01
3.976267212048365707e+01
3.977438513031455614e+01
3.979364529191681044e+01
3.975801069494834650e+01
3.930181334650700364e+01
3.905183781030237355e+01
3.880168824346597489e+01
3.856042061403232424e+01
3.835024426725819069e+01
3.816368036190289104e+01
3.790580302144250879e+01
3.769140558068578883e+01
3.748088333769339897e+01
3.727814695503089837e+01
3.714192126980539399e+01
3.696569343980045375e+01
3.677332365391930580e+01
3.660700063888560862e+01
3.644485408038053720e+01
3.626209866833130491e+01
3.609302527322838472e+01
3.595964781983602165e+01
3.577906526152634115e+01
3.564054631305522491e+01
3.551683212562851111e+01
3.534207022639026974e+01
3.519894413104590569e+01
3.628193240036102907e+01
